Years | Median age of males | Median age of females | Median age of the total population
1820  16.6  16.8  16.7
1830  17.2  17.3  17.2
1840  17.9  17.8  17.8
1850  19.2  18.6  18.9
1860  19.8  19.1  19.4
1870  20.2  20.1  20.2
1880  21.2  20.7  20.9
1890  22.3  21.6  22.0
1900  23.3  22.4  22.9
1910  24.6  23.5  24.1
1920  25.8  24.7  25.3
1930  26.7  25.2  26.5
1940  29.1  29.0  29.0
1950  29.9  30.5  30.2
1960  28.7  30.4  29.6
1970  26.8  29.8  28.1
1980  28.8  31.2  30.0
1990  31.7  34.1  32.9
2000  34.0  36.5  35.3
2010  35.8  38.5  37.2
2018  36.9  37.7  38.2
2021  39.5  39.8  38.8